# Potential energy / eV
-4.314143073918289701e+03
-4.314115049519527929e+03
-4.313935707522319717e+03
-4.313932603930153164e+03
-4.313860089623852218e+03
-4.313742992842832791e+03
-4.313870394698329619e+03
-4.313845340893656612e+03
-4.313868048711154188e+03
-4.313963957928290256e+03
-4.314040044524897894e+03
-4.314079724833271939e+03
-4.313994209853031862e+03
-4.313835295473050792e+03
-4.313905859977579894e+03
-4.314057596527542955e+03
-4.314012038511545143e+03
-4.313852267723545992e+03
-4.314022834904505544e+03
-4.314015986082729796e+03
-4.314039444740124964e+03
-4.314009685953767075e+03
-4.313930279927484662e+03
-4.313928972567242454e+03
-4.313868806777313694e+03
-4.313847999163394888e+03
-4.313895835076592448e+03
-4.314019585994524277e+03
-4.313919789335463975e+03
-4.313863434460406097e+03
-4.313925117839205996e+03
-4.313939623143409335e+03
-4.314031355010297375e+03
-4.314003300149404822e+03
-4.313759064247493370e+03
-4.313915661005077709e+03
-4.313943499944863106e+03
-4.314020120476760894e+03
-4.314029767578696919e+03
-4.313940409560676926e+03
-4.314164739013617691e+03
-4.314050823274371396e+03
-4.314041279737231889e+03
-4.313948287170473122e+03
-4.313951880526795321e+03
-4.314027100467926175e+03
-4.313938353042169183e+03
-4.313882571298348012e+03
-4.313940579745524701e+03
-4.313917920321861857e+03
-4.314045406676631501e+03
-4.313856396688365749e+03
-4.314108040800136223e+03
-4.313870590470241950e+03
-4.313947364285562799e+03
-4.313978959641607617e+03
-4.314057531823038516e+03
-4.314116029768650151e+03
-4.313936929997948937e+03
-4.313915896460059230e+03
-4.313823717691421734e+03
-4.313955119530535740e+03
-4.313918381451821915e+03
-4.313962982166783149e+03
-4.313933765287898495e+03
-4.314001471419112931e+03
-4.314084276614026749e+03
-4.314139181997733431e+03
-4.314020276944549551e+03
-4.314110174466428361e+03
-4.313989430461790107e+03
-4.313805372549700223e+03
-4.314009281767041102e+03
-4.313918152090037438e+03
-4.313748543379258081e+03
-4.313932010450701455e+03
-4.313900122365825155e+03
-4.313863655258700419e+03
-4.314062252928616545e+03
-4.313818239194601119e+03
-4.313994171791621739e+03
-4.313966672108221246e+03
-4.313856834549503219e+03
-4.313966279632923943e+03
-4.314001582349141245e+03
-4.313987262629352699e+03
-4.313965033342620700e+03
-4.313957123859723652e+03
-4.313981616768660388e+03
-4.313932940588245401e+03
-4.314022023965582775e+03
-4.313955041740730849e+03
-4.313940891566936443e+03
-4.314006330705999972e+03
-4.313797954769920580e+03
-4.314075101912198079e+03
-4.314187879742693440e+03
-4.313931933736395877e+03
-4.313879094105765034e+03
-4.314011773031347730e+03
-4.314061060688680300e+03
-4.313917957390623997e+03
-4.313854243946898350e+03
-4.313968273891812714e+03
-4.313907719485714551e+03
-4.313839730785392931e+03
-4.313986037855407631e+03
-4.313930929761988409e+03
-4.313905717993736289e+03
-4.313876256420309801e+03
-4.313854774928881852e+03
-4.313795272928927261e+03
-4.313935071174665609e+03
-4.313705520922197138e+03
-4.313954620400233580e+03
-4.313818179382941707e+03
-4.313713362718651297e+03
-4.313516605272029665e+03
-4.313603633837888083e+03
-4.313440184607492483e+03
-4.313673876875282986e+03
-4.313979757758840606e+03
-4.313789586609179423e+03
-4.313776821658219887e+03
-4.313728001846289771e+03
-4.313830365118269583e+03
-4.313830413061458785e+03
-4.313897059699431338e+03
-4.313815350738288544e+03
-4.313892497161221399e+03
-4.313736022155009778e+03
-4.313697160287553743e+03
-4.313544553224828633e+03
-4.313868809265882192e+03
-4.313847482243507329e+03
-4.313863219884267892e+03
-4.314014352335387230e+03
-4.313849042506682053e+03
-4.313908917054358426e+03
-4.313689538579204964e+03
-4.313631194090998179e+03
-4.313689114208346837e+03
-4.313908592591790693e+03
-4.313760994933418260e+03
-4.313794374750314091e+03
-4.313776096278368641e+03
-4.313939266790123838e+03
-4.313868154600799244e+03
-4.313684490480653949e+03
-4.313974315719390688e+03
-4.313984316536415463e+03
-4.313936648226763282e+03
-4.314039843732774898e+03
-4.313857133547201556e+03
-4.313706203440918216e+03
-4.313865887491742797e+03
-4.313767610024822716e+03
-4.313619263812037389e+03
-4.313673427762349093e+03
-4.313384540364241730e+03
-4.313802275284426287e+03
-4.313680499066175798e+03
-4.313590882951326421e+03
-4.313776814951512279e+03
-4.313930692561242722e+03
-4.313918440166741675e+03
-4.313941690761847894e+03
-4.313869953738704680e+03
-4.314038655961701807e+03
-4.313941696643815703e+03
-4.313776855304095989e+03
-4.313861563494903749e+03
-4.313780687872915223e+03
-4.313924159863305249e+03
-4.313862684814977911e+03
-4.313717840314640853e+03
-4.313880617151994556e+03
-4.313931248928386594e+03
-4.313759268287894884e+03
-4.313929772326065176e+03
-4.314061463353305953e+03
-4.314072585517066727e+03
-4.314011141422066430e+03
-4.313918997735218909e+03
-4.314012987367577807e+03
-4.313853296721288643e+03
-4.313953495516096154e+03
-4.313891260465318737e+03
-4.313842031579511968e+03
-4.313929802293240755e+03
-4.313930175306009914e+03
-4.313921552933931707e+03
-4.313843519338371152e+03
-4.313745905179315741e+03
-4.313630515966463463e+03
-4.313700128726465664e+03
-4.313649839360856276e+03
-4.313910476283902426e+03
-4.313779016006619713e+03
-4.313977033562437100e+03
-4.314060796038854278e+03
-4.313924591865128605e+03
-4.313744705060980777e+03
-4.313592062621267360e+03
-4.313802249152351578e+03
-4.313963688273707703e+03
-4.313805914921355907e+03
-4.313860378744770060e+03
-4.314071748388116248e+03
-4.313936174280004707e+03
-4.313747334387689079e+03
-4.313859715228589266e+03
-4.313879796594765139e+03
-4.313914737830089507e+03
-4.313887337042430772e+03
-4.313809581554965916e+03
-4.313849545272363684e+03
-4.313837392957325392e+03
-4.313953987483196215e+03
-4.313732969096757188e+03
-4.313483349371203076e+03
-4.313584154392769051e+03
-4.313689039062833217e+03
-4.313657984910646519e+03
-4.313455298958843741e+03
-4.313681677446661524e+03
-4.313666965820859332e+03
-4.313532337733858185e+03
-4.313842346193551748e+03
-4.313761243160459344e+03
-4.313812516240948753e+03
-4.313893327184867303e+03
-4.313666481727973405e+03
-4.314002549805273702e+03
-4.313888395927388956e+03
-4.314006428044431232e+03
-4.313925302371723774e+03
-4.314109281348941295e+03
-4.314104736748544383e+03
-4.313958251440577442e+03
-4.313987363771089804e+03
-4.314105198669241872e+03
-4.314025148110785267e+03
-4.313941546911759360e+03
-4.313775972459457989e+03
-4.313871611390802173e+03
-4.313769864538861839e+03
-4.313851700451899887e+03
-4.313790070822223242e+03
-4.313774892026938687e+03
-4.313902114272787003e+03
-4.313750551783398805e+03
-4.313722096262496962e+03
-4.313808095658558159e+03
-4.313856903622177015e+03
-4.313951607830395005e+03
-4.313914188060754896e+03
-4.313980326989175410e+03
-4.313803476483616578e+03
-4.313741482397197615e+03
-4.313831432173575195e+03
-4.313978316082184392e+03
-4.314091099591221791e+03
-4.314183242158418579e+03
-4.314066932161196746e+03
-4.313831600866627923e+03
-4.313858021588692282e+03
-4.313841796641240762e+03
-4.313914465541529353e+03
-4.313873897997861604e+03
-4.313811874042495219e+03
-4.313868974325134332e+03
-4.313892318454077213e+03
-4.313686701871660262e+03
-4.313978480738838698e+03
-4.314075411615735902e+03
-4.313782644141260789e+03
-4.314049440218646851e+03
-4.314083672558455874e+03
-4.314082832277364105e+03
-4.314035676131306900e+03
-4.313974207846361423e+03
-4.313967458283948872e+03
-4.313952788063566913e+03
-4.313978337567257768e+03
-4.314054145784504726e+03
-4.313999785676711326e+03
-4.314077557022964356e+03
-4.313959405653836257e+03
-4.313888694665241928e+03
-4.313932084200181635e+03
-4.314076542830239305e+03
-4.313901424330195368e+03
-4.313868305215100008e+03
-4.313946817350323727e+03
-4.313906860852672253e+03
-4.313805822337943937e+03
-4.313724926821080771e+03
-4.313597255476005557e+03
-4.313512882628340776e+03
-4.313749005296171163e+03
-4.313906513568873379e+03
-4.313934433604579681e+03
-4.313942696315393732e+03
-4.313898707295446911e+03
-4.313862469067376878e+03
-4.313680174515734507e+03
-4.313663802698583822e+03
-4.313835334122634777e+03
-4.313856954230604060e+03
-4.313994006123058170e+03
-4.313966854196010900e+03
-4.313805616982341235e+03
-4.313735884022808932e+03
-4.313614312070712913e+03
-4.313566723231992910e+03
-4.313741675138358005e+03
-4.313724064194648236e+03
-4.313916550342009032e+03
-4.313680844061435891e+03
-4.313917771016493134e+03
-4.313927354235786879e+03
-4.313752418138514258e+03
-4.313932356644941137e+03
-4.313890888869357696e+03
-4.313818737655409677e+03
-4.313669955907319491e+03
-4.313707139830821689e+03
-4.313903131747452790e+03
-4.313973174776571796e+03
-4.313794055112981368e+03
-4.313952360566908283e+03
-4.314039257192242985e+03
-4.314051659531521182e+03
-4.313876814503993046e+03
-4.313783561454877599e+03
-4.313954187311088390e+03
-4.313852539448315838e+03
-4.313726881421614962e+03
-4.313819113436150474e+03
-4.313683099509522435e+03
-4.313829995923914794e+03
-4.313885196428366726e+03
-4.313880683189832780e+03
-4.313744553193168031e+03
-4.313789535086454634e+03
-4.313728062842422332e+03
-4.313703678778097128e+03
-4.313474627281938410e+03
-4.313439290133758732e+03
-4.313617985225346274e+03
-4.313747411328822636e+03
-4.313623245292385036e+03
-4.313759357909631944e+03
-4.313750918783030102e+03
-4.313759175953679915e+03
-4.313764443739449234e+03
-4.313604855133652563e+03
-4.313639310704957097e+03
-4.313775046590182683e+03
-4.313898240896615789e+03
-4.313800844116888584e+03
-4.313880485525059157e+03
-4.313899978227639622e+03
-4.313754253827100911e+03
-4.313594339522341215e+03
-4.313928093507226549e+03
-4.313789986756824874e+03
-4.313710626463131121e+03
-4.313699436460521611e+03
-4.313969768364824631e+03
-4.313859552021704076e+03
-4.313825196989220785e+03
-4.313752406288561360e+03
-4.313820522640230593e+03
-4.313810894172626831e+03
-4.313738550612889412e+03
-4.313707169695220728e+03
-4.313644340719787579e+03
-4.313775839718539828e+03
-4.313690050551223976e+03
-4.313741832837298716e+03
-4.313702096665360841e+03
-4.313682563292184568e+03
-4.313815214019947234e+03
-4.313452477492352045e+03
-4.313863209144092252e+03
-4.313860710688607469e+03
-4.313676234598753581e+03
-4.313711050215587420e+03
-4.313674968107324275e+03
-4.313521024315563409e+03
-4.313682370051235921e+03
-4.313670018653190709e+03
-4.313721058212828211e+03
-4.313700060413030769e+03
-4.313828561068075032e+03
-4.313803221918221425e+03
-4.313702177548025247e+03
-4.313787490900237572e+03
-4.313872984366780656e+03
-4.313827482263446655e+03
-4.313651367434201347e+03
-4.313603128789839502e+03
-4.313541573435972168e+03
-4.313638603035890810e+03
-4.313851925754268450e+03
-4.313875551903228370e+03
-4.313687419205015431e+03
-4.313747148818119967e+03
-4.314025237336153623e+03
-4.313879698609952356e+03
-4.313901346240379098e+03
-4.313742404330781028e+03
-4.313696822262645583e+03
-4.313970600240577369e+03
-4.313851538411367983e+03
-4.313754641243303922e+03
-4.313901663984400329e+03
-4.313843352625171065e+03
-4.313847629476957081e+03
-4.313978906157838537e+03
-4.313665557549133155e+03
-4.313571318506306852e+03
-4.313950993988364644e+03
-4.313926559711801929e+03
-4.313935949227402489e+03
-4.313868357805568849e+03
-4.313862238214265744e+03
-4.313876758493644957e+03
-4.314001443299825951e+03
-4.313867204576148652e+03
-4.313785259139245682e+03
-4.313743284079641853e+03
-4.313873328843504169e+03
-4.313823668319157150e+03
-4.313761220690430491e+03
-4.313809926202465249e+03
-4.313736940143839092e+03
-4.313895392492384417e+03
-4.313868378898262563e+03
-4.313946013475916516e+03
-4.313752974415147037e+03
-4.313863127140861252e+03
-4.313985453300721019e+03
-4.313832231757655791e+03
-4.313767328052225821e+03
-4.313878312520909276e+03
-4.313684412635570880e+03
-4.313888160838781005e+03
-4.313922168471908662e+03
-4.313691797400713767e+03
-4.313718058379577997e+03
-4.313697250503424584e+03
-4.313881701667747620e+03
-4.313832865631510685e+03
-4.313653306616892223e+03
-4.313753592738980842e+03
-4.313816374558016832e+03
-4.313761454260497885e+03
-4.313821691088789521e+03
-4.313742866759713252e+03
-4.313876865406615252e+03
-4.313773793172108526e+03
-4.313791458317081378e+03
-4.313709962177498710e+03
-4.313561599569045029e+03
-4.313579095842003881e+03
-4.313701279885784970e+03
-4.313845533982295819e+03
-4.313696237398734411e+03
-4.313781675614589403e+03
-4.313679546372228288e+03
-4.313664709083554953e+03
-4.313698328439053512e+03
-4.313710600616479496e+03
-4.313705476067541895e+03
-4.313768376286299826e+03
-4.313848946032127060e+03
-4.313807981229772849e+03
-4.313866662422649824e+03
-4.313652627339331957e+03
-4.313684662580443728e+03
-4.313813572710248081e+03
-4.313522212710828171e+03
-4.313604868894269202e+03
-4.313691629032012315e+03
-4.313756519599113744e+03
-4.313764565526720617e+03
-4.313661107921422627e+03
-4.313755685234615157e+03
-4.313593094069861763e+03
-4.313726783149410949e+03
-4.314141961530170192e+03
-4.313941518124459435e+03
-4.313966711304494311e+03
-4.313777044352624216e+03
-4.313841666509536481e+03
-4.313984883208194333e+03
-4.313832194964722476e+03
-4.314001868710213785e+03
-4.314008817325156087e+03
-4.313894616099469204e+03
-4.313862552578537361e+03
-4.313792473891329792e+03
-4.313795375413742477e+03
-4.313745473777430561e+03
-4.313878329341158860e+03
-4.313901983316891346e+03
-4.313843956667274142e+03
-4.313916180255180734e+03
-4.314094636703974174e+03
-4.313905701339799634e+03
-4.313886669456307573e+03
-4.313728953002389972e+03
-4.313754435966957317e+03
-4.313828731043129665e+03
-4.313752395535426331e+03
-4.313778977937427044e+03
-4.313909434795862580e+03
-4.313851304794632597e+03
-4.313891560971469517e+03
-4.313718087878865845e+03
-4.313805842608935563e+03
-4.313787303632549992e+03
-4.313632838119298867e+03
-4.313882175942361755e+03
-4.313683115981615629e+03
-4.314006423478260331e+03
-4.313712279775220850e+03
-4.313845403320098740e+03
-4.313714453954929922e+03
-4.313778416163722795e+03
-4.313849436652371878e+03
-4.313904802389700308e+03
-4.313890457909988982e+03
-4.313982603124823981e+03
-4.313886248073842580e+03
-4.314058161791817838e+03
-4.313867777457256125e+03
-4.313922247794851501e+03
-4.313952718163555801e+03
-4.313912117412709449e+03
-4.313780742173789804e+03
-4.314041779185717132e+03
-4.314047697395054456e+03
-4.314057638419212708e+03
-4.314085347313575767e+03
-4.313903801301587009e+03
-4.313921368514868846e+03
-4.313792628938252165e+03
-4.314087715041668162e+03
-4.313830182019260064e+03
-4.314130809616399347e+03
-4.314052496014179269e+03
-4.314009503942509582e+03
-4.313931145748197196e+03
-4.313883831341090627e+03
-4.313972573591035143e+03
-4.313975850659837306e+03
-4.314049845199617266e+03
-4.313916845593157632e+03
-4.313968484483876637e+03
-4.313877737114673437e+03
-4.313840106561578068e+03
-4.313991449493109030e+03
-4.313904557615319391e+03
-4.313906680392857197e+03
-4.313992423728772337e+03
-4.313847645984154042e+03
-4.313711380897296294e+03
-4.313777648114517433e+03
-4.313903458457693887e+03
-4.314101560517940015e+03
-4.314009968953687348e+03
-4.314068174170492966e+03
-4.314011694810357767e+03
-4.314000964437325820e+03
-4.314054866044664777e+03
-4.314003200284485501e+03
-4.313839181447723604e+03
-4.313689065618776112e+03
-4.313980816570483512e+03
-4.313983000409400120e+03
-4.313887930622775457e+03
-4.313877939674626759e+03
-4.313911774639962459e+03
-4.313955856568005402e+03
-4.313900437347399929e+03
-4.313838953206114638e+03
-4.313805133424893029e+03
-4.313891307487199811e+03
-4.313904813848370395e+03
-4.314144606166288213e+03
-4.313937952577218311e+03
-4.313824179626705700e+03
-4.313998968187422179e+03
-4.313829539938740709e+03
-4.313974232941875016e+03
-4.314091220782323944e+03
-4.313631419840500712e+03
-4.313760084526882565e+03
-4.313866630570752932e+03
-4.313992356781407580e+03
-4.313953657787618795e+03
-4.313981300102306705e+03
-4.314096821883399571e+03
-4.313983385409068433e+03
-4.314037277158210600e+03
-4.313994569548418440e+03
-4.314044392035106284e+03
-4.313822867342417339e+03
-4.313892382244267537e+03
-4.313914079277992641e+03
-4.313700679547899199e+03
-4.313714105811305672e+03
-4.313597644242099705e+03
-4.313732250246404874e+03
-4.313740540419295940e+03
-4.313834894102605176e+03
-4.313605164432598940e+03
-4.313656830838189308e+03
-4.313491293131645762e+03
-4.313619477569394803e+03
-4.313940957910544967e+03
-4.313529500061096769e+03
-4.313807626205829365e+03
-4.313680764978686966e+03
-4.313427198633188709e+03
-4.313748221778360858e+03
-4.313674023062270862e+03
-4.313821103188300185e+03
-4.313763971065412989e+03
-4.313678581142579787e+03
-4.313731849466002132e+03
-4.313821503214587210e+03
-4.313928840246683649e+03
-4.314028670746413809e+03
-4.314032528620575249e+03
-4.313861262180246740e+03
-4.313783157513539663e+03
-4.313847611058098664e+03
-4.313807635686641333e+03
-4.313894144171955304e+03
-4.313923053617161713e+03
-4.313861124126312461e+03
-4.313938401409362086e+03
-4.313821226159891012e+03
-4.313800607515828233e+03
-4.313877343961822589e+03
-4.313854723955382724e+03
-4.314083031980353553e+03
-4.314064956658550727e+03
-4.313933934012668942e+03
-4.313980420571185277e+03
-4.314117266181000559e+03
-4.314071973887656895e+03
-4.314123564839399478e+03
-4.314034345695375123e+03
-4.313843447767251746e+03
-4.313995693725841193e+03
-4.313847341339896047e+03
-4.313922167870726298e+03
-4.314105015301126514e+03
-4.314007233301666929e+03
-4.314133785020193500e+03
-4.313946022043368430e+03
-4.313964477545748196e+03
-4.313948545359725358e+03
-4.314016592883861449e+03
-4.313985097708322428e+03
-4.313891252627114227e+03
-4.313939318329543312e+03
-4.313898101763912564e+03
-4.314052325491597003e+03
-4.313905220309916331e+03
-4.313794652290912381e+03
-4.313658319444958579e+03
-4.313892595720591089e+03
-4.313750219862818994e+03
-4.313989125216578941e+03
-4.313918757128225479e+03
-4.313817097268048201e+03
-4.313830440109203664e+03
-4.313772817113931524e+03
-4.313789249098345863e+03
-4.313832961060593334e+03
-4.314003369537184881e+03
-4.313941195112974128e+03
-4.313925936830551109e+03
-4.313802777345287723e+03
-4.313872085834915197e+03
-4.313944190576527035e+03
-4.313911414728349882e+03
-4.313931335134695473e+03
-4.313863121848394258e+03
-4.313975343210713618e+03
-4.314006695409239910e+03
-4.313827709261275231e+03
-4.313882686257918976e+03
-4.313864616278578978e+03
-4.313938804956084823e+03
-4.314005798426915135e+03
-4.313944328924840192e+03
-4.314064168731005338e+03
-4.313969723060162323e+03
-4.313972311853964129e+03
-4.313965232876972550e+03
-4.314093874539618810e+03
-4.314002941752224615e+03
-4.314064431974898980e+03
-4.313863483308116884e+03
-4.313936378417095511e+03
-4.313887708332866168e+03
-4.313833424735940753e+03
-4.313941076276295462e+03
-4.314011865878539538e+03
-4.313972820111696819e+03
-4.314083257316176059e+03
-4.314092346194913262e+03
-4.314031610705566891e+03
-4.314080556706661810e+03
-4.314144753300009143e+03
-4.313974549322130770e+03
-4.314171946154385296e+03
-4.314067908568801613e+03
-4.314104326110234069e+03
-4.314016743295805099e+03
-4.314055659629117145e+03
-4.313996118703048523e+03
-4.313854970196150134e+03
-4.313862896700981764e+03
-4.313876841480675466e+03
-4.313952576301570843e+03
-4.313780630811046649e+03
-4.313995427874880079e+03
-4.313790450729483382e+03
-4.313809837665671694e+03
-4.313947263477155502e+03
-4.313893309468825464e+03
-4.313696557264988769e+03
-4.313903226047186763e+03
-4.313876219992561346e+03
-4.313812363538543650e+03
-4.313881962975150600e+03
-4.313882670652514207e+03
-4.313861940247312305e+03
-4.313977169953295743e+03
-4.313762429822236300e+03
-4.313911466984554863e+03
-4.314097263355162795e+03
-4.313893260780155288e+03
-4.314063492603829218e+03
-4.314029596473168567e+03
-4.313966209380600048e+03
-4.313983040767038801e+03
-4.313982194350418467e+03
-4.313965829108014077e+03
-4.314044394709934750e+03
-4.314033234096486922e+03
-4.314065859208885740e+03
-4.313960277234167734e+03
-4.314001050227904670e+03
-4.313833317330349928e+03
-4.314020275851600672e+03
-4.314115000687022075e+03
-4.313782571697934145e+03
-4.313764707525754602e+03
-4.313675327353441389e+03
-4.313786391730197465e+03
-4.313828250594301608e+03
-4.313705420909122040e+03
-4.313755779368243566e+03
-4.313574719451911733e+03
-4.313622096200496344e+03
-4.313529777249751533e+03
-4.313650561204536643e+03
-4.313679676859394021e+03
-4.313811469554743780e+03
-4.313723307996190670e+03
-4.313690874198198799e+03
-4.313685859684702336e+03
-4.313334474865390803e+03
-4.313591374554467620e+03
-4.313607908802446218e+03
-4.313810001809873938e+03
-4.313853556328533159e+03
-4.313615866211676803e+03
-4.313816926712299392e+03
-4.313694708907409222e+03
-4.313758332743255778e+03
-4.313581605453096927e+03
-4.313812069299294308e+03
-4.313646598775376333e+03
-4.313807570892822696e+03
-4.313572553174254608e+03
-4.313695665187020495e+03
-4.313812507531607480e+03
-4.313657131993468283e+03
-4.313556008563323303e+03
-4.313644943192180108e+03
-4.313740945203416231e+03
-4.313719613247380948e+03
-4.313759092973132283e+03
-4.313753130357729788e+03
-4.313851935005955056e+03
-4.313887036015229569e+03
-4.313682297418705275e+03
-4.313686225949908476e+03
-4.313668724945635404e+03
-4.313673365277501944e+03
-4.313944992370888940e+03
-4.314051312228142706e+03
-4.314028606243450668e+03
-4.313847960080391204e+03
-4.313657141082600901e+03
-4.313899831763930706e+03
-4.313739713747580936e+03
-4.313893389237179690e+03
-4.313811806287835680e+03
-4.313687059687776127e+03
-4.313833188288910605e+03
-4.313759530220343549e+03
-4.313709277921984722e+03
-4.313627153005272703e+03
-4.313768874523880186e+03
-4.313810233090878683e+03
-4.313870927569138075e+03
-4.313847633197960931e+03
-4.313826744928461267e+03
-4.313793461946085699e+03
-4.313981912918973649e+03
-4.313995571195972843e+03
-4.313840050248081752e+03
-4.313868094714370272e+03
-4.313910779345683295e+03
-4.313823617431666207e+03
-4.313902768774478318e+03
-4.313893335826282055e+03
-4.313886135996189296e+03
-4.314059404169218396e+03
-4.313850196485228480e+03
-4.313797080716170058e+03
-4.313799083623574006e+03
-4.313704611428893259e+03
-4.313940883269088772e+03
-4.313898498675910560e+03
-4.313800417962772372e+03
-4.313775484810719718e+03
-4.313652879902912900e+03
-4.313862729210487487e+03
-4.314025709054856634e+03
-4.313942645815364813e+03
-4.313913904111332158e+03
-4.313958759249532704e+03
-4.314067134067786355e+03
-4.313981605009980740e+03
-4.313983320481486771e+03
-4.313834881199322808e+03
-4.313937178131903238e+03
-4.314016900408058063e+03
-4.313935489198554933e+03
-4.313980100911360751e+03
-4.314020959195203432e+03
-4.314018694055434935e+03
-4.313960658253604379e+03
-4.313903210359887453e+03
-4.313981097048781521e+03
-4.314029102737798894e+03
-4.314064636019931640e+03
-4.314040015623025283e+03
-4.313906959194905539e+03
-4.313928860196785536e+03
-4.314036390473417669e+03
-4.313930462479738708e+03
-4.314025859670775390e+03
-4.314032917631603596e+03
-4.313823964949115179e+03
-4.313879141840623561e+03
-4.313739631986277345e+03
-4.313998639710303905e+03
-4.313851314743447801e+03
-4.313719021121089099e+03
-4.313886853473452902e+03
-4.313784329832103140e+03
-4.313864696923490555e+03
-4.313880961835813650e+03
-4.313984918341969205e+03
-4.313777364084866349e+03
-4.313894057032714045e+03
-4.313995602574957047e+03
-4.313894148093679178e+03
-4.314010256356097671e+03
-4.313834047824301706e+03
-4.313826833260328385e+03
-4.313793860398968718e+03
-4.313831313353136466e+03
-4.313761484662721159e+03
-4.313630123652176735e+03
-4.313866164062590542e+03
-4.313741036256097686e+03
-4.313931322930206079e+03
-4.313920907406056358e+03
-4.313913461285133963e+03
-4.313727004887599833e+03
-4.313681247912753861e+03
-4.313864748021506784e+03
-4.313697198359969661e+03
-4.313683372786330438e+03
-4.313602530023983491e+03
-4.313963907649391331e+03
-4.314074321780466562e+03
-4.313907554670166974e+03
-4.313894150233210894e+03
-4.313618560130229525e+03
-4.313597818731109328e+03
-4.313644646306483992e+03
-4.313778763356441232e+03
-4.313902069401565313e+03
-4.313785622734118988e+03
-4.313766536590288524e+03
-4.313783708194393512e+03
-4.313676651047328960e+03
-4.313607630016145777e+03
-4.313580418383290635e+03
-4.313815358719647520e+03
-4.313801696476522920e+03
-4.313919048230206499e+03
-4.313920917773287329e+03
-4.313856095906473456e+03
-4.313853257828999631e+03
-4.313856772012480178e+03
-4.313935431673755375e+03
-4.314011029262097509e+03
-4.313993263924047824e+03
-4.313899294366130562e+03
-4.313965833908334389e+03
-4.313977593229866216e+03
-4.314065894736812879e+03
-4.314004836546484512e+03
-4.314078112311814948e+03
-4.313921474568208396e+03
-4.313974671349968048e+03
-4.313932365223935449e+03
-4.313996100832521734e+03
-4.313921468933079268e+03
-4.313953375141997640e+03
-4.314117979244885646e+03
-4.313839642088122673e+03
-4.314061883307709650e+03
-4.313912695621637795e+03
-4.313865647983793679e+03
-4.314013656978499966e+03
-4.313979027796643095e+03
-4.313888383276220338e+03
-4.314054519957720004e+03
-4.313885814435922839e+03
-4.313894744304383494e+03
-4.313860984748601368e+03
-4.313853076586318821e+03
-4.313838723474198559e+03
-4.313774624487057736e+03
-4.313688142965484076e+03
-4.313724671510807639e+03
-4.313809663875833394e+03
-4.313677571514169358e+03
-4.313586067382528199e+03
-4.313838626500382816e+03
-4.313901667064675166e+03
-4.313787363452325735e+03
-4.313845771522785071e+03
-4.313811107546363019e+03
-4.314049312705546981e+03
-4.313870998956622316e+03
-4.314037210256193248e+03
-4.314048705454553783e+03
-4.313869066579826722e+03
-4.314011051384524762e+03
-4.313978898614470381e+03
-4.314159405798604894e+03
-4.314063716975208081e+03
-4.314136112737506664e+03
-4.313946094345931670e+03
-4.313961080902182402e+03
-4.313852188379927611e+03
-4.313840788615912061e+03
-4.314051294211828463e+03
-4.314061156766140812e+03
-4.313946646648825663e+03
-4.314014378379788468e+03
-4.313966745341153000e+03
-4.313944754488557919e+03
-4.313818458866571746e+03
-4.313921676321918312e+03
-4.314024938386267422e+03
-4.313927484841180558e+03
-4.314046748965548431e+03
-4.313908001883745783e+03
-4.313862055498959307e+03
-4.313861178915045457e+03
-4.313917446883619959e+03
